134.05955 6.23
151.09884 7.66
156.04486 7.67
161.01666 22.74
164.10816 8.34
172.03927 11.27
179.14301 5.61
183.05565 13.58
187.11072 5.04
201.04419 6.2
210.04269 6.4
216.06641 6.34
254.07486 20.21
273.08803 6.04
301.08488 13.08
316.10871 8.58
325.14844 6.11
328.07174 15.97
329.07942 98.95
330.08276 18.93
344.10345 90.04
345.10654 19.81
346.27368 40.38
364.28428 100
365.28879 26.09
372.09804 73.87
373.10056 16.68
375.3003 40.01
376.30401 8.31
381.21066 78.17
382.21423 19.19
383.21137 5.98
385.28551 16.94
391.2093 9.08
399.214 5.68
402.26434 20.85
403.26691 5.95
417.2244 43.19
421.27804 6.75
426.10726 6.79
439.20696 5.22
